Present
2x4_Yellow,0,0,-1.35,0,0,0,1,1.423025
2x4_Yellow,-0.45,0,0,0,0.7071068,0,0.7071068,0
2x4_Blue,0.45,0,0,0,0.7071068,0,0.7071068,0.9
Present,
Present
2x4_Yellow,0,0,-0.9,0,0,0,1,1.006231
2x4_Yellow,-0.45,0,0,0,0.7071068,0,0.7071068,0
Present,
Dog
2x4_Green,0.45,0,-0.45,0,0,0,1,1.006231
2x4_Yellow,-1.35,0,-0.45,0,0,0,1,1.00623
2x4_Blue,-0.45,0,0,0,0,0,1,0
Dog,
House
2x4_Yellow,0.45,0,-0.45,0,0,0,1,0.45
2x4_Yellow,-0.45,0,-0.45,0,0,0,1,0.45
2x4_Blue,1.35,0,-0.9,0,0,0,1,1.423025
2x4_Yellow,0.45,0,-1.35,0,0,0,1,1.00623
2x4_Blue,0.9,0,-0.45,0,0,0,1,0.9
2x4_Green,0,0,-0.45,0,0,0,1,0
House,
Present
2x4_Yellow,0,0,-0.45,0,0,0,1,0
Present
2x4_Yellow,0.45,0,-1.35,0,0,0,1,0
Present,
House
2x4_Yellow,0,0,-1.35,0,0,0,1,0
House,
Present
2x4_Yellow,0,0,-0.9,0,0,0,1,0
2x4_Blue,0,0.6,-0.9,0,0,0,1,0.6
2x4_Yellow,0,1.2,-0.9,0,0,0,1,1.2
Present
2x4_Yellow,-0.45,0,-0.9,0,0,0,1,0
2x4_Blue,-0.45,0.6,-0.9,0,0,0,1,0.6
2x4_Yellow,-0.45,1.2,-0.9,0,0,0,1,1.2
Present
2x2_Red,0,0,-0.9,0,0,0,1,0
2x4_Yellow,-0.9,0,-0.45,0,0.7071068,0,0.7071068,1.006231
Present
2x4_Yellow,0,0,-0.45,0,0,0,1,0
2x4_Blue,0,0.6,-0.45,0,0,0,1,0.6
2x4_Yellow,0,1.2,-0.45,0,0,0,1,1.2
Present,
Dog
2x2_Yellow,-0.9,0,-0.9,0,0,0,1,0
2x2_Yellow,0.9,0,-0.9,0,0,0,1,1.8
2x4_Blue,0,0.6,-0.9,0,0,0,1,1.081665
2x4_Yellow,1.35,1.2,-0.9,0,0,0,1,2.55
2x2_Blue,0.9,1.8,-0.9,0,0,0,1,2.545584
Dog,
Present
2x4_Yellow,0.45,0,-0.9,0,0,0,1,0
2x4_Blue,0.45,0.6,-0.9,0,0,0,1,0.6
Present,
Dog
2x4_Yellow,-0.45,0,-0.45,0,0,0,1,0
Dog,
Flamingo
2x4_Blue,0.9,0,-0.45,0,0,0,1,0
Flamingo,
Present
2x4_Blue,0.45,0,0,0,0,0,1,0
2x4_Yellow,-0.9,0,-0.45,0,0.7071068,0,0.7071068,1.423025
Present,
Present
2x4_Yellow,1.8,0,-0.45,0,0,0,1,0
,100点
Present
2x4_Yellow,0,0,-0.9,0,0,0,1,0
Present
2x4_Yellow,0,0,-0.45,0,0,0,1,0
2x2_Yellow,-1.35,0,-0.45,0,0.7071068,0,0.7071068,1.35
2x4_Blue,1.35,0,-0.45,0,0.7071068,0,0.7071068,1.35
2x4_Blue,0,0,-1.35,0,0,0,1,0.8999999
Present,100点
Present
2x4_Yellow,0.45,0,-0.45,0,0,0,1,0
2x2_Yellow,-0.9,0,-0.45,0,0,0,1,1.35
2x4_Blue,1.8,0,-0.45,0,0.7071068,0,0.7071068,1.35
2x4_Blue,0.45,0,-1.35,0,0,0,1,0.8999999
Present,64点
Present
2x4_Yellow,0,0,-0.45,0,0,0,1,0
2x2_Yellow,-1.35,0,-0.45,0,0,0,1,1.35
2x4_Blue,1.35,0,-0.45,0,0.7071068,0,0.7071068,1.35
2x4_Blue,0,0,-1.35,0,0,0,1,0.8999999
Present
2x4_Yellow,-0.45,0,0,0,0,0,1,0
2x4_Yellow,-0.9,0,-0.45,0,0,0,1,0.6363961
Present
2x4_Blue,0,0,0,0,0,0,1,0
Present,0点
Present
2x4_Yellow,0.45,0,-0.9,0,0,0,1,0
2x4_Blue,0.45,0.6,-0.9,0,0,0,1,0.6
2x4_Yellow,0.45,1.2,-0.9,0,0,0,1,1.2
Present,100点
Dog
2x2_Yellow,-1.35,0,-0.9,0,0,0,1,1.8
2x2_Yellow,0.45,0,-0.9,0,0,0,1,0
2x4_Blue,-0.45,0.6,-0.9,0,0,0,1,1.081665
2x4_Yellow,0.9,1.2,-0.9,0,0,0,1,1.281601
2x2_Blue,0.45,1.8,-0.9,0,0,0,1,1.8
Dog,90点
Dog
2x2_Yellow,-0.45,0,-0.9,0,0,0,1,0
2x2_Yellow,1.35,0,-0.9,0,0,0,1,1.8
2x4_Blue,0.45,0.6,-0.9,0,0,0,1,1.081665
2x4_Yellow,1.8,1.2,-0.9,0,0,0,1,2.55
2x2_Blue,1.35,1.8,-0.9,0,0,0,1,2.545584
Dog,100点
Present
2x4_Yellow,0,0,-0.45,0,0,0,1,0
2x4_Blue,0,0.6,-0.45,0,0,0,1,0.6
2x4_Yellow,0,0,-1.35,0,0,0,1,0.8999999
2x4_Blue,0,0.6,-1.35,0,0,0,1,1.081665
Present,76点
Present
2x4_Blue,0,0,0,0,0,0,1,0.9
2x4_Blue,0,0,-0.9,0,0,0,1,0
2x4_Yellow,-1.35,0,-0.45,0,0.7071068,0,0.7071068,1.423025
Present,68点
House
2x4_Yellow,-0.45,0,-0.45,0,0,0,1,0
2x4_Yellow,0,0,-0.9,0,0,0,1,0.6363961
House,0点
Present
2x2_Green,-5.85,0.6,0.9,0,0,0,1,6.033656
2x4_Red,0,0,-0.45,0,0,0,1,0
2x4_Green,0,0.6,-0.45,0,0,0,1,0.6
Present,84点
Present
2x4_Green,0,0,-0.45,0,0,0,1,0
2x4_Red,0,0.6,-0.45,0,0,0,1,0.6
2x4_Green,0,1.2,-0.45,0,0,0,1,1.2
Present,100点
Plane
2x4_Green,-0.9,0,0.45,0,0,0,1,0
2x4_Red,0.9,0,0.45,0,0,0,1,1.8
2x4_Yellow,0,0.6,-0.45,0,0.7071068,0,0.7071068,1.407125
2x4_Blue,0,0.6,1.35,0,0.7071068,0,0.7071068,1.407125
2x4_Green,0,1.2,0,0,0.7071068,0,0.7071068,1.566046
2x4_Red,0,1.2,1.8,0,0,0,1,2.018044
Plane,100点

2x4_Yellow,0.45,0,-0.45,0,0,0,1,0
,
Present
2x4_Yellow,0,0,-0.45,0,0,0,1,0
Present,0点
Present
2x4_Yellow,0,0,-0.9,0,0,0,1,0
2x4_Blue,0,0.6,-0.9,0,0,0,1,0.6
2x4_Yellow,0,1.2,-0.9,0,0,0,1,1.2
Present,100点
Dog
2x2_Yellow,-0.45,0,-1.35,0,0,0,1,0
2x2_Yellow,1.35,0,-1.35,0,0,0,1,1.8
2x4_Blue,0.45,0.6,-1.35,0,0,0,1,1.081665
2x4_Yellow,1.8,1.2,-1.35,0,0,0,1,2.55
2x2_Blue,1.35,1.8,-1.35,0,0,0,1,2.545584
Dog,100点
Flamingo
2x2_Yellow,0,0,-0.45,0,0,0,1,0
2x2_Blue,0,0.6,-0.45,0,0,0,1,0.6
2x4_Yellow,0.45,1.2,-0.45,0,0,0,1,1.281601
2x4_Blue,0.45,1.8,-0.45,0,0,0,1,1.855398
2x2_Yellow,0,2.4,-0.45,0,0,0,1,2.4
2x4_Blue,-0.45,3,-0.45,0,0,0,1,3.033562
2x2_Yellow,0,3.6,-0.45,0,0,0,1,3.6
Flamingo,100点
Flower
2x2_Yellow,0,0,-0.45,0,0,0,1,0
2x2_Blue,0,0.6,-0.45,0,0,0,1,0.6
2x2_Yellow,0,1.2,-0.45,0,0,0,1,1.2
2x4_Blue,0.9,1.8,0,0,0,0,1,2.062159
2x4_Green,0.45,1.8,-1.35,0,0.7071068,0,0.7071068,2.062159
2x4_Blue,-0.9,1.8,-0.9,0,0,0,1,2.062159
2x4_Green,-0.45,1.8,0.45,0,0.7071068,0,0.7071068,2.062159
2x2_Yellow,0,2.4,-0.45,0,0,0,1,2.4
Flower,100点
Fish
2x2_Yellow,-0.9,0,-0.9,0,0,0,1,0
2x4_Yellow,0.9,0,-0.9,0,0,0,1,1.8
2x4_Blue,-0.45,0.6,-0.9,0,0,0,1,0.75
2x2_Yellow,-0.9,1.2,-0.9,0,0,0,1,1.2
2x4_Green,0.9,0.6,-0.9,0,0.7071068,0,0.7071068,1.897367
2x2_Blue,1.8,0.6,-0.9,0,0,0,1,2.765863
2x4_Yellow,0.9,1.2,-0.9,0,0,0,1,2.163331
2x2_Blue,0.45,1.8,-0.9,0,0,0,1,2.25
Fish,100点
Fortress
2x2_Yellow,-0.9,0,-0.9,0,0,0,1,0
2x2_Blue,1.8,0,-0.9,0,0,0,1,2.7
2x2_Blue,-0.9,0.6,-0.9,0,0,0,1,0.6
2x2_Yellow,1.8,0.6,-0.9,0,0,0,1,2.765863
2x2_Blue,1.8,1.2,-0.9,0,0,0,1,2.954657
2x2_Yellow,-0.9,1.2,-0.9,0,0,0,1,1.2
2x4_Yellow,1.35,1.8,-0.9,0,0,0,1,2.881406
2x4_Blue,-0.45,1.8,-0.9,0,0,0,1,1.855398
2x2_Green,0.45,2.4,-0.9,0,0,0,1,2.753634
2x2_Blue,1.8,2.4,-0.9,0,0,0,1,3.612478
2x2_Yellow,-0.9,2.4,-0.9,0,0,0,1,2.4
Fortress,100点
Ship
2x4_Yellow,0,0,-0.45,0,0,0,1,0
2x4_Blue,0.9,0.6,-0.45,0,0,0,1,1.081665
2x4_Green,-0.9,0.6,-0.45,0,0,0,1,1.081665
2x2_Yellow,0,1.2,-0.45,0,0,0,1,1.2
2x4_Blue,-1.35,1.2,-0.45,0,0,0,1,1.806239
2x4_Green,1.35,1.2,-0.45,0,0,0,1,1.806239
2x2_Green,-1.8,1.8,-0.45,0,0,0,1,2.545584
2x2_Blue,-1.8,2.4,-0.45,0,0,0,1,3
2x4_Green,-0.45,1.8,-0.45,0,0.7071068,0,0.7071068,1.855398
2x4_Blue,-0.45,2.4,-0.45,0,0.7071068,0,0.7071068,2.441823
2x4_Green,-0.45,3,-0.45,0,0.7071068,0,0.7071068,3.033562
2x4_Blue,0.9,1.8,-0.45,0,0.7071068,0,0.7071068,2.012461
2x4_Green,0.9,2.4,-0.45,0,0.7071068,0,0.7071068,2.563201
Ship,100点
House
2x4_Yellow,-0.9,0,-0.9,0,0,0,1,0
2x4_Blue,0.9,0,-0.9,0,0,0,1,1.8
2x2_Yellow,1.35,0.6,-0.9,0,0,0,1,2.328626
2x2_Blue,-1.35,0.6,-0.9,0,0,0,1,0.7499999
2x2_Yellow,-1.35,1.2,-0.9,0,0,0,1,1.281601
2x2_Blue,1.35,1.2,-0.9,0,0,0,1,2.55
2x4_Blue,-0.9,1.8,-0.9,0,0,0,1,1.8
2x4_Yellow,0.9,1.8,-0.9,0,0,0,1,2.545584
2x4_Green,0,2.4,-0.9,0,0,0,1,2.563201
2x4_Blue,1.8,2.4,-0.9,0,0,0,1,3.612478
2x4_Yellow,-1.8,2.4,-0.9,0,0,0,1,2.563201
2x4_Yellow,0.9,3,-0.9,0,0,0,1,3.498571
2x4_Blue,-0.9,3,-0.9,0,0,0,1,3
2x4_Green,0,3.6,-0.9,0,0,0,1,3.710795
House,100点
Castle
2x4_Yellow,-0.9,0,-0.9,0,0.7071068,0,0.7071068,1.423025
2x4_Blue,0.45,0,-0.45,0,0,0,1,0
2x4_Green,1.8,0,-0.9,0,0.7071068,0,0.7071068,1.423025
2x4_Green,-0.45,0.6,-0.45,0,0,0,1,1.081665
2x4_Yellow,1.35,0.6,-0.45,0,0,0,1,1.081665
2x2_Yellow,-0.9,1.2,-0.45,0,0,0,1,1.806239
2x2_Green,1.8,1.2,-0.45,0,0,0,1,1.806239
2x2_Yellow,1.8,1.8,-0.45,0,0,0,1,2.25
2x2_Green,-0.9,1.8,-0.45,0,0,0,1,2.25
2x4_Green,1.8,2.4,-0.9,0,0.7071068,0,0.7071068,2.790161
2x4_Yellow,-0.9,2.4,-0.9,0,0.7071068,0,0.7071068,2.790161
2x4_Green,-0.45,3,-1.35,0,0,0,1,3.258834
2x4_Yellow,1.35,3,-1.35,0,0,0,1,3.258834
2x2_Blue,0.45,3.6,-1.35,0,0,0,1,3.710795
2x2_Green,1.8,3.6,-1.35,0,0,0,1,3.948734
2x2_Yellow,-0.9,3.6,-1.35,0,0,0,1,3.948734
Castle,55点
Plane
2x4_Yellow,-0.9,0,-0.9,0,0,0,1,0
2x4_Blue,0.9,0,-0.9,0,0,0,1,1.8
2x4_Red,0,0.6,-1.8,0,0.7071068,0,0.7071068,1.407125
2x4_Green,0,0.6,0,0,0.7071068,0,0.7071068,1.407125
2x4_Blue,0,1.2,-1.35,0,0.7071068,0,0.7071068,1.566046
2x4_Yellow,0,1.2,0.45,0,1,0,0,2.018044
Plane,100点










2x2_Red,0,0,0,0,0,0,1,0.9
2x2_Blue,-0.9,0,0,0,0,0,1,0
2x2_Yellow,0.9,0,0,0,0,0,1,1.8
2x4_Red,1.8,0,0,0,0.7071068,0,0.7071068,2.7


